{
  "nbformat": 4,
  "nbformat_minor": 0,
  "metadata": {
    "colab": {
      "provenance": []
    },
    "kernelspec": {
      "name": "python3",
      "display_name": "Python 3"
    },
    "language_info": {
      "name": "python"
    }
  },
  "cells": [
    {
      "cell_type": "code",
      "execution_count": 1,
      "metadata": {
        "colab": {
          "base_uri": "https://localhost:8080/",
          "height": 1000
        },
        "id": "CpXARyv_xegJ",
        "outputId": "df0aae3d-7056-489d-9888-05a2802c5640"
      },
      "outputs": [
        {
          "output_type": "stream",
          "name": "stdout",
          "text": [
            "   LotArea  YearBuilt  YearRemodelled  TotalBsmtSF CentralAir  1stFlrSF  \\\n",
            "0     8450       2003            2003          856          Y       856   \n",
            "1     9600       1976            1976         1262          Y      1262   \n",
            "2    11250       2001            2002          920          Y       920   \n",
            "3     9550       1915            1970          756          Y       961   \n",
            "4    14260       2000            2000         1145          Y      1145   \n",
            "\n",
            "   2ndFlrSF  GrLivArea  BsmtFullBath  BsmtHalfBath  FullBath  HalfBath  \\\n",
            "0       854       1710             1             0         2         1   \n",
            "1         0       1262             0             1         2         0   \n",
            "2       866       1786             1             0         2         1   \n",
            "3       756       1717             1             0         1         0   \n",
            "4      1053       2198             1             0         2         1   \n",
            "\n",
            "   BedroomAbvGr  KitchenAbvGr  TotRmsAbvGrd  Fireplaces  GarageCars  \\\n",
            "0             3             1             8           0           2   \n",
            "1             3             1             6           1           2   \n",
            "2             3             1             6           1           2   \n",
            "3             3             1             7           1           3   \n",
            "4             4             1             9           1           3   \n",
            "\n",
            "   GarageArea PavedDrive  WoodDeckSF  PoolArea  SalePrice  \n",
            "0         548          Y           0         0     208500  \n",
            "1         460          Y         298         0     181500  \n",
            "2         608          Y           0         0     223500  \n",
            "3         642          Y           0         0     140000  \n",
            "4         836          Y         192         0     250000  \n",
            "(1460, 22)\n",
            "<class 'pandas.core.frame.DataFrame'>\n",
            "RangeIndex: 1460 entries, 0 to 1459\n",
            "Data columns (total 22 columns):\n",
            " #   Column          Non-Null Count  Dtype \n",
            "---  ------          --------------  ----- \n",
            " 0   LotArea         1460 non-null   int64 \n",
            " 1   YearBuilt       1460 non-null   int64 \n",
            " 2   YearRemodelled  1460 non-null   int64 \n",
            " 3   TotalBsmtSF     1460 non-null   int64 \n",
            " 4   CentralAir      1460 non-null   object\n",
            " 5   1stFlrSF        1460 non-null   int64 \n",
            " 6   2ndFlrSF        1460 non-null   int64 \n",
            " 7   GrLivArea       1460 non-null   int64 \n",
            " 8   BsmtFullBath    1460 non-null   int64 \n",
            " 9   BsmtHalfBath    1460 non-null   int64 \n",
            " 10  FullBath        1460 non-null   int64 \n",
            " 11  HalfBath        1460 non-null   int64 \n",
            " 12  BedroomAbvGr    1460 non-null   int64 \n",
            " 13  KitchenAbvGr    1460 non-null   int64 \n",
            " 14  TotRmsAbvGrd    1460 non-null   int64 \n",
            " 15  Fireplaces      1460 non-null   int64 \n",
            " 16  GarageCars      1460 non-null   int64 \n",
            " 17  GarageArea      1460 non-null   int64 \n",
            " 18  PavedDrive      1460 non-null   object\n",
            " 19  WoodDeckSF      1460 non-null   int64 \n",
            " 20  PoolArea        1460 non-null   int64 \n",
            " 21  SalePrice       1460 non-null   int64 \n",
            "dtypes: int64(20), object(2)\n",
            "memory usage: 251.1+ KB\n",
            "None\n",
            "             LotArea    YearBuilt  YearRemodelled  TotalBsmtSF     1stFlrSF  \\\n",
            "count    1460.000000  1460.000000     1460.000000  1460.000000  1460.000000   \n",
            "mean    10516.828082  1971.267808     1984.865753  1057.429452  1162.626712   \n",
            "std      9981.264932    30.202904       20.645407   438.705324   386.587738   \n",
            "min      1300.000000  1872.000000     1950.000000     0.000000   334.000000   \n",
            "25%      7553.500000  1954.000000     1967.000000   795.750000   882.000000   \n",
            "50%      9478.500000  1973.000000     1994.000000   991.500000  1087.000000   \n",
            "75%     11601.500000  2000.000000     2004.000000  1298.250000  1391.250000   \n",
            "max    215245.000000  2010.000000     2010.000000  6110.000000  4692.000000   \n",
            "\n",
            "          2ndFlrSF    GrLivArea  BsmtFullBath  BsmtHalfBath     FullBath  \\\n",
            "count  1460.000000  1460.000000   1460.000000   1460.000000  1460.000000   \n",
            "mean    346.992466  1515.463699      0.425342      0.057534     1.565068   \n",
            "std     436.528436   525.480383      0.518911      0.238753     0.550916   \n",
            "min       0.000000   334.000000      0.000000      0.000000     0.000000   \n",
            "25%       0.000000  1129.500000      0.000000      0.000000     1.000000   \n",
            "50%       0.000000  1464.000000      0.000000      0.000000     2.000000   \n",
            "75%     728.000000  1776.750000      1.000000      0.000000     2.000000   \n",
            "max    2065.000000  5642.000000      3.000000      2.000000     3.000000   \n",
            "\n",
            "          HalfBath  BedroomAbvGr  KitchenAbvGr  TotRmsAbvGrd   Fireplaces  \\\n",
            "count  1460.000000   1460.000000   1460.000000   1460.000000  1460.000000   \n",
            "mean      0.382877      2.866438      1.046575      6.517808     0.613014   \n",
            "std       0.502885      0.815778      0.220338      1.625393     0.644666   \n",
            "min       0.000000      0.000000      0.000000      2.000000     0.000000   \n",
            "25%       0.000000      2.000000      1.000000      5.000000     0.000000   \n",
            "50%       0.000000      3.000000      1.000000      6.000000     1.000000   \n",
            "75%       1.000000      3.000000      1.000000      7.000000     1.000000   \n",
            "max       2.000000      8.000000      3.000000     14.000000     3.000000   \n",
            "\n",
            "        GarageCars   GarageArea   WoodDeckSF     PoolArea      SalePrice  \n",
            "count  1460.000000  1460.000000  1460.000000  1460.000000    1460.000000  \n",
            "mean      1.767123   472.980137    94.244521     2.758904  180921.195890  \n",
            "std       0.747315   213.804841   125.338794    40.177307   79442.502883  \n",
            "min       0.000000     0.000000     0.000000     0.000000   34900.000000  \n",
            "25%       1.000000   334.500000     0.000000     0.000000  129975.000000  \n",
            "50%       2.000000   480.000000     0.000000     0.000000  163000.000000  \n",
            "75%       2.000000   576.000000   168.000000     0.000000  214000.000000  \n",
            "max       4.000000  1418.000000   857.000000   738.000000  755000.000000  \n",
            "<class 'pandas.core.frame.DataFrame'>\n",
            "RangeIndex: 1460 entries, 0 to 1459\n",
            "Data columns (total 22 columns):\n",
            " #   Column          Non-Null Count  Dtype\n",
            "---  ------          --------------  -----\n",
            " 0   LotArea         1460 non-null   int64\n",
            " 1   YearBuilt       1460 non-null   int64\n",
            " 2   YearRemodelled  1460 non-null   int64\n",
            " 3   TotalBsmtSF     1460 non-null   int64\n",
            " 4   CentralAir      1460 non-null   int64\n",
            " 5   1stFlrSF        1460 non-null   int64\n",
            " 6   2ndFlrSF        1460 non-null   int64\n",
            " 7   GrLivArea       1460 non-null   int64\n",
            " 8   BsmtFullBath    1460 non-null   int64\n",
            " 9   BsmtHalfBath    1460 non-null   int64\n",
            " 10  FullBath        1460 non-null   int64\n",
            " 11  HalfBath        1460 non-null   int64\n",
            " 12  BedroomAbvGr    1460 non-null   int64\n",
            " 13  KitchenAbvGr    1460 non-null   int64\n",
            " 14  TotRmsAbvGrd    1460 non-null   int64\n",
            " 15  Fireplaces      1460 non-null   int64\n",
            " 16  GarageCars      1460 non-null   int64\n",
            " 17  GarageArea      1460 non-null   int64\n",
            " 18  PavedDrive      1460 non-null   int64\n",
            " 19  WoodDeckSF      1460 non-null   int64\n",
            " 20  PoolArea        1460 non-null   int64\n",
            " 21  SalePrice       1460 non-null   int64\n",
            "dtypes: int64(22)\n",
            "memory usage: 251.1 KB\n",
            "None\n"
          ]
        },
        {
          "output_type": "display_data",
          "data": {
            "text/html": [
              "<html>\n",
              "<head><meta charset=\"utf-8\" /></head>\n",
              "<body>\n",
              "    <div>            <script src=\"https://cdnjs.cloudflare.com/ajax/libs/mathjax/2.7.5/MathJax.js?config=TeX-AMS-MML_SVG\"></script><script type=\"text/javascript\">if (window.MathJax && window.MathJax.Hub && window.MathJax.Hub.Config) {window.MathJax.Hub.Config({SVG: {font: \"STIX-Web\"}});}</script>                <script type=\"text/javascript\">window.PlotlyConfig = {MathJaxConfig: 'local'};</script>\n",
              "        <script charset=\"utf-8\" src=\"https://cdn.plot.ly/plotly-2.24.1.min.js\"></script>                <div id=\"61612cce-6328-470a-943a-489ec5087647\" class=\"plotly-graph-div\" style=\"height:525px; width:100%;\"></div>            <script type=\"text/javascript\">                                    window.PLOTLYENV=window.PLOTLYENV || {};                                    if (document.getElementById(\"61612cce-6328-470a-943a-489ec5087647\")) {                    Plotly.newPlot(                        \"61612cce-6328-470a-943a-489ec5087647\",                        [{\"colorscale\":[[0.0,\"#0d0887\"],[0.1111111111111111,\"#46039f\"],[0.2222222222222222,\"#7201a8\"],[0.3333333333333333,\"#9c179e\"],[0.4444444444444444,\"#bd3786\"],[0.5555555555555556,\"#d8576b\"],[0.6666666666666666,\"#ed7953\"],[0.7777777777777778,\"#fb9f3a\"],[0.8888888888888888,\"#fdca26\"],[1.0,\"#f0f921\"]],\"reversescale\":false,\"showscale\":true,\"x\":[\"LotArea\",\"YearBuilt\",\"YearRemodelled\",\"TotalBsmtSF\",\"CentralAir\",\"1stFlrSF\",\"2ndFlrSF\",\"GrLivArea\",\"BsmtFullBath\",\"BsmtHalfBath\",\"FullBath\",\"HalfBath\",\"BedroomAbvGr\",\"KitchenAbvGr\",\"TotRmsAbvGrd\",\"Fireplaces\",\"GarageCars\",\"GarageArea\",\"PavedDrive\",\"WoodDeckSF\",\"PoolArea\",\"SalePrice\"],\"y\":[\"LotArea\",\"YearBuilt\",\"YearRemodelled\",\"TotalBsmtSF\",\"CentralAir\",\"1stFlrSF\",\"2ndFlrSF\",\"GrLivArea\",\"BsmtFullBath\",\"BsmtHalfBath\",\"FullBath\",\"HalfBath\",\"BedroomAbvGr\",\"KitchenAbvGr\",\"TotRmsAbvGrd\",\"Fireplaces\",\"GarageCars\",\"GarageArea\",\"PavedDrive\",\"WoodDeckSF\",\"PoolArea\",\"SalePrice\"],\"z\":[[1.0,0.014227651757025093,0.013788427078155424,0.2608331345451572,0.04975493824508254,0.29947457850776266,0.05098594829349377,0.26311616716714803,0.15815453106001476,0.04804557088829686,0.1260306265196436,0.014259468566431947,0.11968990815131542,-0.017783870504841995,0.190014777625409,0.2713640096245418,0.15487073975354076,0.1804027551511169,0.01932524590418657,0.17169768725711246,0.07767239188017444,0.2638433538714051],[0.014227651757025093,1.0,0.5928549763436519,0.3914520020660952,0.38183075179949844,0.2819858586998021,0.010307659584364078,0.19900971367645826,0.1875985499971434,-0.03816180567123349,0.4682707871726737,0.2426559102410641,-0.07065121690473103,-0.17480024561497706,0.09558912829795185,0.14771639941245646,0.5378500917111052,0.4789538198934904,0.38796102539895433,0.22488014230399744,0.004949727615942999,0.5228973328794967],[0.013788427078155424,0.5928549763436519,1.0,0.2910655826041661,0.2988780217415342,0.24037926760355463,0.14002377880486447,0.2873885196503327,0.11946987911123993,-0.012337032127797673,0.4390464838723479,0.1833306117185349,-0.040580928067749454,-0.14959752104274646,0.1917398162928069,0.11258131843947561,0.42062215494321714,0.3715998094973092,0.1338377824078235,0.20572592049010355,0.005829372037106204,0.5071009671113866],[0.2608331345451572,0.3914520020660952,0.2910655826041661,1.0,0.20795754081444398,0.8195299750050339,-0.17451195013496046,0.45486820254790317,0.30735055373550346,-0.00031458181983374725,0.3237224136066502,-0.04880373863521248,0.05044995551267818,-0.06890064264201659,0.28557256372579454,0.33951932389865597,0.43458483429168865,0.4866654637737961,0.19534866114381694,0.23201860912901803,0.12605313210083768,0.6135805515591943],[0.04975493824508254,0.38183075179949844,0.2988780217415342,0.20795754081444398,1.0,0.14695261189405373,-0.011802811605412735,0.09366559623177144,0.11460267469187344,0.04032460489035637,0.10932635953709857,0.13463741265472473,0.007871718636602108,-0.24679720003115233,0.0345093527875815,0.1863091407076644,0.2337258639072165,0.23074079749137247,0.3249574324496772,0.14597281977144455,0.018121746131289265,0.2513281638401552],[0.29947457850776266,0.2819858586998021,0.24037926760355463,0.8195299750050339,0.14695261189405373,1.0,-0.20264618100232087,0.5660239689357486,0.24467110424771052,0.001955653582048656,0.3806374949735071,-0.11991590879396136,0.12740074939236454,0.06810058817691335,0.40951597886683183,0.41053108465984556,0.4393168079906709,0.4897816541041918,0.15017949860288116,0.23545862278369778,0.13152497564028254,0.6058521846919153],[0.05098594829349377,0.010307659584364078,0.14002377880486447,-0.17451195013496046,-0.011802811605412735,-0.20264618100232087,1.0,0.6875010641666033,-0.16949395173099896,-0.023854783937045255,0.4213779828759713,0.6097073002717436,0.5029006133459056,0.05930575264821624,0.6164226354915431,0.19456089224132392,0.18392558307638002,0.13834695857186657,-0.038612919971006666,0.09216541758603868,0.08148687804909954,0.31933380283206736],[0.26311616716714803,0.19900971367645826,0.2873885196503327,0.45486820254790317,0.09366559623177144,0.5660239689357486,0.6875010641666033,1.0,0.03483604954490554,-0.0189184831706347,0.6300116462511148,0.4157716361052652,0.5212695109189948,0.10006316473775474,0.8254893743088425,0.46167913376144704,0.4672474187951873,0.4689974773229655,0.0736373066290979,0.24743282051884846,0.1702053360005616,0.7086244776126515],[0.15815453106001476,0.1875985499971434,0.11946987911123993,0.30735055373550346,0.11460267469187344,0.24467110424771052,-0.16949395173099896,0.03483604954490554,1.0,-0.14787096054760138,-0.06451204863131507,-0.030904959142533293,-0.15067280920795623,-0.041502546431482885,-0.0532752361233972,0.1379277084271981,0.13188122440619438,0.179189480420231,0.100362255811745,0.17531519007972224,0.06761555618047507,0.22712223313149427],[0.04804557088829686,-0.03816180567123349,-0.012337032127797673,-0.00031458181983374725,0.04032460489035637,0.001955653582048656,-0.023854783937045255,-0.0189184831706347,-0.14787096054760138,1.0,-0.054535811983635524,-0.012339900052275487,0.046518848389950684,-0.03794435022720086,-0.023836341262220544,0.028975586646259963,-0.02089105899687853,-0.02453557957887923,0.049853543081936805,0.04016122325953452,0.02002462983851695,-0.01684415429735895],[0.1260306265196436,0.4682707871726737,0.4390464838723479,0.3237224136066502,0.10932635953709857,0.3806374949735071,0.4213779828759713,0.6300116462511148,-0.06451204863131507,-0.054535811983635524,1.0,0.13638058874914522,0.36325198302327694,0.1331152141960393,0.5547842535334836,0.2436705030799116,0.469672043267628,0.4056562084540099,0.10784908277397694,0.18770321383582822,0.04960382558403366,0.5606637627484453],[0.014259468566431947,0.2426559102410641,0.1833306117185349,-0.04880373863521248,0.13463741265472473,-0.11991590879396136,0.6097073002717436,0.4157716361052652,-0.030904959142533293,-0.012339900052275487,0.13638058874914522,1.0,0.22665148415094508,-0.06826254889694101,0.3434148575409178,0.20364850809521917,0.21917815216716094,0.1635493640166073,0.10456928693536632,0.10808030267536337,0.0223814980554099,0.28410767559478256],[0.11968990815131542,-0.07065121690473103,-0.040580928067749454,0.05044995551267818,0.007871718636602108,0.12740074939236454,0.5029006133459056,0.5212695109189948,-0.15067280920795623,0.046518848389950684,0.36325198302327694,0.22665148415094508,1.0,0.1985967577071338,0.676619935742649,0.10756968099132388,0.08610643768835287,0.06525252989881626,-0.028009107499554958,0.04685377306989394,0.07070258356547471,0.16821315430073963],[-0.017783870504841995,-0.17480024561497706,-0.14959752104274646,-0.06890064264201659,-0.24679720003115233,0.06810058817691335,0.05930575264821624,0.10006316473775474,-0.041502546431482885,-0.03794435022720086,0.1331152141960393,-0.06826254889694101,0.1985967577071338,1.0,0.2560454085359489,-0.12393623529689729,-0.05063389240221729,-0.06443304718314395,-0.17853161004158463,-0.09013027267903444,-0.014525116015980777,-0.13590737084214105],[0.190014777625409,0.09558912829795185,0.1917398162928069,0.28557256372579454,0.0345093527875815,0.40951597886683183,0.6164226354915431,0.8254893743088425,-0.0532752361233972,-0.023836341262220544,0.5547842535334836,0.3434148575409178,0.676619935742649,0.2560454085359489,1.0,0.3261144801772001,0.3622885708147746,0.33782212063683786,-0.009459804095912823,0.16598388371493233,0.0837573495149245,0.5337231555820284],[0.2713640096245418,0.14771639941245646,0.11258131843947561,0.33951932389865597,0.1863091407076644,0.41053108465984556,0.19456089224132392,0.46167913376144704,0.1379277084271981,0.028975586646259963,0.2436705030799116,0.20364850809521917,0.10756968099132388,-0.12393623529689729,0.3261144801772001,1.0,0.3007887663013562,0.2691412380738719,0.151005534757794,0.20001879575902368,0.09507352203619863,0.46692883675152763],[0.15487073975354076,0.5378500917111052,0.42062215494321714,0.43458483429168865,0.2337258639072165,0.4393168079906709,0.18392558307638002,0.4672474187951873,0.13188122440619438,-0.02089105899687853,0.469672043267628,0.21917815216716094,0.08610643768835287,-0.05063389240221729,0.3622885708147746,0.3007887663013562,1.0,0.882475414281462,0.2631911093644067,0.2263421384698597,0.020933531041465454,0.6404091972583519],[0.1804027551511169,0.4789538198934904,0.3715998094973092,0.4866654637737961,0.23074079749137247,0.4897816541041918,0.13834695857186657,0.4689974773229655,0.179189480420231,-0.02453557957887923,0.4056562084540099,0.1635493640166073,0.06525252989881626,-0.06443304718314395,0.33782212063683786,0.2691412380738719,0.882475414281462,1.0,0.26943679126336517,0.2246663071787637,0.061047271702060014,0.6234314389183622],[0.01932524590418657,0.38796102539895433,0.1338377824078235,0.19534866114381694,0.3249574324496772,0.15017949860288116,-0.038612919971006666,0.0736373066290979,0.100362255811745,0.049853543081936805,0.10784908277397694,0.10456928693536632,-0.028009107499554958,-0.17853161004158463,-0.009459804095912823,0.151005534757794,0.2631911093644067,0.26943679126336517,1.0,0.106076741154141,0.017606196159364037,0.21262978253141102],[0.17169768725711246,0.22488014230399744,0.20572592049010355,0.23201860912901803,0.14597281977144455,0.23545862278369778,0.09216541758603868,0.24743282051884846,0.17531519007972224,0.04016122325953452,0.18770321383582822,0.10808030267536337,0.04685377306989394,-0.09013027267903444,0.16598388371493233,0.20001879575902368,0.2263421384698597,0.2246663071787637,0.106076741154141,1.0,0.07337820695645396,0.32441344456812926],[0.07767239188017444,0.004949727615942999,0.005829372037106204,0.12605313210083768,0.018121746131289265,0.13152497564028254,0.08148687804909954,0.1702053360005616,0.06761555618047507,0.02002462983851695,0.04960382558403366,0.0223814980554099,0.07070258356547471,-0.014525116015980777,0.0837573495149245,0.09507352203619863,0.020933531041465454,0.061047271702060014,0.017606196159364037,0.07337820695645396,1.0,0.09240354949187318],[0.2638433538714051,0.5228973328794967,0.5071009671113866,0.6135805515591943,0.2513281638401552,0.6058521846919153,0.31933380283206736,0.7086244776126515,0.22712223313149427,-0.01684415429735895,0.5606637627484453,0.28410767559478256,0.16821315430073963,-0.13590737084214105,0.5337231555820284,0.46692883675152763,0.6404091972583519,0.6234314389183622,0.21262978253141102,0.32441344456812926,0.09240354949187318,1.0]],\"type\":\"heatmap\"}],                        {\"annotations\":[{\"font\":{\"color\":\"#000000\"},\"showarrow\":false,\"text\":\"1.0\",\"x\":\"LotArea\",\"xref\":\"x\",\"y\":\"LotArea\",\"yref\":\"y\"},{\"font\":{\"color\":\"#FFFFFF\"},\"showarrow\":false,\"text\":\"0.01\",\"x\":\"YearBuilt\",\"xref\":\"x\",\"y\":\"LotArea\",\"yref\":\"y\"},{\"font\":{\"color\":\"#FFFFFF\"},\"showarrow\":false,\"text\":\"0.01\",\"x\":\"YearRemodelled\",\"xref\":\"x\",\"y\":\"LotArea\",\"yref\":\"y\"},{\"font\":{\"color\":\"#FFFFFF\"},\"showarrow\":false,\"text\":\"0.26\",\"x\":\"TotalBsmtSF\",\"xref\":\"x\",\"y\":\"LotArea\",\"yref\":\"y\"},{\"font\":{\"color\":\"#FFFFFF\"},\"showarrow\":false,\"text\":\"0.05\",\"x\":\"CentralAir\",\"xref\":\"x\",\"y\":\"LotArea\",\"yref\":\"y\"},{\"font\":{\"color\":\"#FFFFFF\"},\"showarrow\":false,\"text\":\"0.3\",\"x\":\"1stFlrSF\",\"xref\":\"x\",\"y\":\"LotArea\",\"yref\":\"y\"},{\"font\":{\"color\":\"#FFFFFF\"},\"showarrow\":false,\"text\":\"0.05\",\"x\":\"2ndFlrSF\",\"xref\":\"x\",\"y\":\"LotArea\",\"yref\":\"y\"},{\"font\":{\"color\":\"#FFFFFF\"},\"showarrow\":false,\"text\":\"0.26\",\"x\":\"GrLivArea\",\"xref\":\"x\",\"y\":\"LotArea\",\"yref\":\"y\"},{\"font\":{\"color\":\"#FFFFFF\"},\"showarrow\":false,\"text\":\"0.16\",\"x\":\"BsmtFullBath\",\"xref\":\"x\",\"y\":\"LotArea\",\"yref\":\"y\"},{\"font\":{\"color\":\"#FFFFFF\"},\"showarrow\":false,\"text\":\"0.05\",\"x\":\"BsmtHalfBath\",\"xref\":\"x\",\"y\":\"LotArea\",\"yref\":\"y\"},{\"font\":{\"color\":\"#FFFFFF\"},\"showarrow\":false,\"text\":\"0.13\",\"x\":\"FullBath\",\"xref\":\"x\",\"y\":\"LotArea\",\"yref\":\"y\"},{\"font\":{\"color\":\"#FFFFFF\"},\"showarrow\":false,\"text\":\"0.01\",\"x\":\"HalfBath\",\"xref\":\"x\",\"y\":\"LotArea\",\"yref\":\"y\"},{\"font\":{\"color\":\"#FFFFFF\"},\"showarrow\":false,\"text\":\"0.12\",\"x\":\"BedroomAbvGr\",\"xref\":\"x\",\"y\":\"LotArea\",\"yref\":\"y\"},{\"font\":{\"color\":\"#FFFFFF\"},\"showarrow\":false,\"text\":\"-0.02\",\"x\":\"KitchenAbvGr\",\"xref\":\"x\",\"y\":\"LotArea\",\"yref\":\"y\"},{\"font\":{\"color\":\"#FFFFFF\"},\"showarrow\":false,\"text\":\"0.19\",\"x\":\"TotRmsAbvGrd\",\"xref\":\"x\",\"y\":\"LotArea\",\"yref\":\"y\"},{\"font\":{\"color\":\"#FFFFFF\"},\"showarrow\":false,\"text\":\"0.27\",\"x\":\"Fireplaces\",\"xref\":\"x\",\"y\":\"LotArea\",\"yref\":\"y\"},{\"font\":{\"color\":\"#FFFFFF\"},\"showarrow\":false,\"text\":\"0.15\",\"x\":\"GarageCars\",\"xref\":\"x\",\"y\":\"LotArea\",\"yref\":\"y\"},{\"font\":{\"color\":\"#FFFFFF\"},\"showarrow\":false,\"text\":\"0.18\",\"x\":\"GarageArea\",\"xref\":\"x\",\"y\":\"LotArea\",\"yref\":\"y\"},{\"font\":{\"color\":\"#FFFFFF\"},\"showarrow\":false,\"text\":\"0.02\",\"x\":\"PavedDrive\",\"xref\":\"x\",\"y\":\"LotArea\",\"yref\":\"y\"},{\"font\":{\"color\":\"#FFFFFF\"},\"showarrow\":false,\"text\":\"0.17\",\"x\":\"WoodDeckSF\",\"xref\":\"x\",\"y\":\"LotArea\",\"yref\":\"y\"},{\"font\":{\"color\":\"#FFFFFF\"},\"showarrow\":false,\"text\":\"0.08\",\"x\":\"PoolArea\",\"xref\":\"x\",\"y\":\"LotArea\",\"yref\":\"y\"},{\"font\":{\"color\":\"#FFFFFF\"},\"showarrow\":false,\"text\":\"0.26\",\"x\":\"SalePrice\",\"xref\":\"x\",\"y\":\"LotArea\",\"yref\":\"y\"},{\"font\":{\"color\":\"#FFFFFF\"},\"showarrow\":false,\"text\":\"0.01\",\"x\":\"LotArea\",\"xref\":\"x\",\"y\":\"YearBuilt\",\"yref\":\"y\"},{\"font\":{\"color\":\"#000000\"},\"showarrow\":false,\"text\":\"1.0\",\"x\":\"YearBuilt\",\"xref\":\"x\",\"y\":\"YearBuilt\",\"yref\":\"y\"},{\"font\":{\"color\":\"#000000\"},\"showarrow\":false,\"text\":\"0.59\",\"x\":\"YearRemodelled\",\"xref\":\"x\",\"y\":\"YearBuilt\",\"yref\":\"y\"},{\"font\":{\"color\":\"#000000\"},\"showarrow\":false,\"text\":\"0.39\",\"x\":\"TotalBsmtSF\",\"xref\":\"x\",\"y\":\"YearBuilt\",\"yref\":\"y\"},{\"font\":{\"color\":\"#000000\"},\"showarrow\":false,\"text\":\"0.38\",\"x\":\"CentralAir\",\"xref\":\"x\",\"y\":\"YearBuilt\",\"yref\":\"y\"},{\"font\":{\"color\":\"#FFFFFF\"},\"showarrow\":false,\"text\":\"0.28\",\"x\":\"1stFlrSF\",\"xref\":\"x\",\"y\":\"YearBuilt\",\"yref\":\"y\"},{\"font\":{\"color\":\"#FFFFFF\"},\"showarrow\":false,\"text\":\"0.01\",\"x\":\"2ndFlrSF\",\"xref\":\"x\",\"y\":\"YearBuilt\",\"yref\":\"y\"},{\"font\":{\"color\":\"#FFFFFF\"},\"showarrow\":false,\"text\":\"0.2\",\"x\":\"GrLivArea\",\"xref\":\"x\",\"y\":\"YearBuilt\",\"yref\":\"y\"},{\"font\":{\"color\":\"#FFFFFF\"},\"showarrow\":false,\"text\":\"0.19\",\"x\":\"BsmtFullBath\",\"xref\":\"x\",\"y\":\"YearBuilt\",\"yref\":\"y\"},{\"font\":{\"color\":\"#FFFFFF\"},\"showarrow\":false,\"text\":\"-0.04\",\"x\":\"BsmtHalfBath\",\"xref\":\"x\",\"y\":\"YearBuilt\",\"yref\":\"y\"},{\"font\":{\"color\":\"#000000\"},\"showarrow\":false,\"text\":\"0.47\",\"x\":\"FullBath\",\"xref\":\"x\",\"y\":\"YearBuilt\",\"yref\":\"y\"},{\"font\":{\"color\":\"#FFFFFF\"},\"showarrow\":false,\"text\":\"0.24\",\"x\":\"HalfBath\",\"xref\":\"x\",\"y\":\"YearBuilt\",\"yref\":\"y\"},{\"font\":{\"color\":\"#FFFFFF\"},\"showarrow\":false,\"text\":\"-0.07\",\"x\":\"BedroomAbvGr\",\"xref\":\"x\",\"y\":\"YearBuilt\",\"yref\":\"y\"},{\"font\":{\"color\":\"#FFFFFF\"},\"showarrow\":false,\"text\":\"-0.17\",\"x\":\"KitchenAbvGr\",\"xref\":\"x\",\"y\":\"YearBuilt\",\"yref\":\"y\"},{\"font\":{\"color\":\"#FFFFFF\"},\"showarrow\":false,\"text\":\"0.1\",\"x\":\"TotRmsAbvGrd\",\"xref\":\"x\",\"y\":\"YearBuilt\",\"yref\":\"y\"},{\"font\":{\"color\":\"#FFFFFF\"},\"showarrow\":false,\"text\":\"0.15\",\"x\":\"Fireplaces\",\"xref\":\"x\",\"y\":\"YearBuilt\",\"yref\":\"y\"},{\"font\":{\"color\":\"#000000\"},\"showarrow\":false,\"text\":\"0.54\",\"x\":\"GarageCars\",\"xref\":\"x\",\"y\":\"YearBuilt\",\"yref\":\"y\"},{\"font\":{\"color\":\"#000000\"},\"showarrow\":false,\"text\":\"0.48\",\"x\":\"GarageArea\",\"xref\":\"x\",\"y\":\"YearBuilt\",\"yref\":\"y\"},{\"font\":{\"color\":\"#000000\"},\"showarrow\":false,\"text\":\"0.39\",\"x\":\"PavedDrive\",\"xref\":\"x\",\"y\":\"YearBuilt\",\"yref\":\"y\"},{\"font\":{\"color\":\"#FFFFFF\"},\"showarrow\":false,\"text\":\"0.22\",\"x\":\"WoodDeckSF\",\"xref\":\"x\",\"y\":\"YearBuilt\",\"yref\":\"y\"},{\"font\":{\"color\":\"#FFFFFF\"},\"showarrow\":false,\"text\":\"0.0\",\"x\":\"PoolArea\",\"xref\":\"x\",\"y\":\"YearBuilt\",\"yref\":\"y\"},{\"font\":{\"color\":\"#000000\"},\"showarrow\":false,\"text\":\"0.52\",\"x\":\"SalePrice\",\"xref\":\"x\",\"y\":\"YearBuilt\",\"yref\":\"y\"},{\"font\":{\"color\":\"#FFFFFF\"},\"showarrow\":false,\"text\":\"0.01\",\"x\":\"LotArea\",\"xref\":\"x\",\"y\":\"YearRemodelled\",\"yref\":\"y\"},{\"font\":{\"color\":\"#000000\"},\"showarrow\":false,\"text\":\"0.59\",\"x\":\"YearBuilt\",\"xref\":\"x\",\"y\":\"YearRemodelled\",\"yref\":\"y\"},{\"font\":{\"color\":\"#000000\"},\"showarrow\":false,\"text\":\"1.0\",\"x\":\"YearRemodelled\",\"xref\":\"x\",\"y\":\"YearRemodelled\",\"yref\":\"y\"},{\"font\":{\"color\":\"#FFFFFF\"},\"showarrow\":false,\"text\":\"0.29\",\"x\":\"TotalBsmtSF\",\"xref\":\"x\",\"y\":\"YearRemodelled\",\"yref\":\"y\"},{\"font\":{\"color\":\"#FFFFFF\"},\"showarrow\":false,\"text\":\"0.3\",\"x\":\"CentralAir\",\"xref\":\"x\",\"y\":\"YearRemodelled\",\"yref\":\"y\"},{\"font\":{\"color\":\"#FFFFFF\"},\"showarrow\":false,\"text\":\"0.24\",\"x\":\"1stFlrSF\",\"xref\":\"x\",\"y\":\"YearRemodelled\",\"yref\":\"y\"},{\"font\":{\"color\":\"#FFFFFF\"},\"showarrow\":false,\"text\":\"0.14\",\"x\":\"2ndFlrSF\",\"xref\":\"x\",\"y\":\"YearRemodelled\",\"yref\":\"y\"},{\"font\":{\"color\":\"#FFFFFF\"},\"showarrow\":false,\"text\":\"0.29\",\"x\":\"GrLivArea\",\"xref\":\"x\",\"y\":\"YearRemodelled\",\"yref\":\"y\"},{\"font\":{\"color\":\"#FFFFFF\"},\"showarrow\":false,\"text\":\"0.12\",\"x\":\"BsmtFullBath\",\"xref\":\"x\",\"y\":\"YearRemodelled\",\"yref\":\"y\"},{\"font\":{\"color\":\"#FFFFFF\"},\"showarrow\":false,\"text\":\"-0.01\",\"x\":\"BsmtHalfBath\",\"xref\":\"x\",\"y\":\"YearRemodelled\",\"yref\":\"y\"},{\"font\":{\"color\":\"#000000\"},\"showarrow\":false,\"text\":\"0.44\",\"x\":\"FullBath\",\"xref\":\"x\",\"y\":\"YearRemodelled\",\"yref\":\"y\"},{\"font\":{\"color\":\"#FFFFFF\"},\"showarrow\":false,\"text\":\"0.18\",\"x\":\"HalfBath\",\"xref\":\"x\",\"y\":\"YearRemodelled\",\"yref\":\"y\"},{\"font\":{\"color\":\"#FFFFFF\"},\"showarrow\":false,\"text\":\"-0.04\",\"x\":\"BedroomAbvGr\",\"xref\":\"x\",\"y\":\"YearRemodelled\",\"yref\":\"y\"},{\"font\":{\"color\":\"#FFFFFF\"},\"showarrow\":false,\"text\":\"-0.15\",\"x\":\"KitchenAbvGr\",\"xref\":\"x\",\"y\":\"YearRemodelled\",\"yref\":\"y\"},{\"font\":{\"color\":\"#FFFFFF\"},\"showarrow\":false,\"text\":\"0.19\",\"x\":\"TotRmsAbvGrd\",\"xref\":\"x\",\"y\":\"YearRemodelled\",\"yref\":\"y\"},{\"font\":{\"color\":\"#FFFFFF\"},\"showarrow\":false,\"text\":\"0.11\",\"x\":\"Fireplaces\",\"xref\":\"x\",\"y\":\"YearRemodelled\",\"yref\":\"y\"},{\"font\":{\"color\":\"#000000\"},\"showarrow\":false,\"text\":\"0.42\",\"x\":\"GarageCars\",\"xref\":\"x\",\"y\":\"YearRemodelled\",\"yref\":\"y\"},{\"font\":{\"color\":\"#FFFFFF\"},\"showarrow\":false,\"text\":\"0.37\",\"x\":\"GarageArea\",\"xref\":\"x\",\"y\":\"YearRemodelled\",\"yref\":\"y\"},{\"font\":{\"color\":\"#FFFFFF\"},\"showarrow\":false,\"text\":\"0.13\",\"x\":\"PavedDrive\",\"xref\":\"x\",\"y\":\"YearRemodelled\",\"yref\":\"y\"},{\"font\":{\"color\":\"#FFFFFF\"},\"showarrow\":false,\"text\":\"0.21\",\"x\":\"WoodDeckSF\",\"xref\":\"x\",\"y\":\"YearRemodelled\",\"yref\":\"y\"},{\"font\":{\"color\":\"#FFFFFF\"},\"showarrow\":false,\"text\":\"0.01\",\"x\":\"PoolArea\",\"xref\":\"x\",\"y\":\"YearRemodelled\",\"yref\":\"y\"},{\"font\":{\"color\":\"#000000\"},\"showarrow\":false,\"text\":\"0.51\",\"x\":\"SalePrice\",\"xref\":\"x\",\"y\":\"YearRemodelled\",\"yref\":\"y\"},{\"font\":{\"color\":\"#FFFFFF\"},\"showarrow\":false,\"text\":\"0.26\",\"x\":\"LotArea\",\"xref\":\"x\",\"y\":\"TotalBsmtSF\",\"yref\":\"y\"},{\"font\":{\"color\":\"#000000\"},\"showarrow\":false,\"text\":\"0.39\",\"x\":\"YearBuilt\",\"xref\":\"x\",\"y\":\"TotalBsmtSF\",\"yref\":\"y\"},{\"font\":{\"color\":\"#FFFFFF\"},\"showarrow\":false,\"text\":\"0.29\",\"x\":\"YearRemodelled\",\"xref\":\"x\",\"y\":\"TotalBsmtSF\",\"yref\":\"y\"},{\"font\":{\"color\":\"#000000\"},\"showarrow\":false,\"text\":\"1.0\",\"x\":\"TotalBsmtSF\",\"xref\":\"x\",\"y\":\"TotalBsmtSF\",\"yref\":\"y\"},{\"font\":{\"color\":\"#FFFFFF\"},\"showarrow\":false,\"text\":\"0.21\",\"x\":\"CentralAir\",\"xref\":\"x\",\"y\":\"TotalBsmtSF\",\"yref\":\"y\"},{\"font\":{\"color\":\"#000000\"},\"showarrow\":false,\"text\":\"0.82\",\"x\":\"1stFlrSF\",\"xref\":\"x\",\"y\":\"TotalBsmtSF\",\"yref\":\"y\"},{\"font\":{\"color\":\"#FFFFFF\"},\"showarrow\":false,\"text\":\"-0.17\",\"x\":\"2ndFlrSF\",\"xref\":\"x\",\"y\":\"TotalBsmtSF\",\"yref\":\"y\"},{\"font\":{\"color\":\"#000000\"},\"showarrow\":false,\"text\":\"0.45\",\"x\":\"GrLivArea\",\"xref\":\"x\",\"y\":\"TotalBsmtSF\",\"yref\":\"y\"},{\"font\":{\"color\":\"#FFFFFF\"},\"showarrow\":false,\"text\":\"0.31\",\"x\":\"BsmtFullBath\",\"xref\":\"x\",\"y\":\"TotalBsmtSF\",\"yref\":\"y\"},{\"font\":{\"color\":\"#FFFFFF\"},\"showarrow\":false,\"text\":\"-0.0\",\"x\":\"BsmtHalfBath\",\"xref\":\"x\",\"y\":\"TotalBsmtSF\",\"yref\":\"y\"},{\"font\":{\"color\":\"#FFFFFF\"},\"showarrow\":false,\"text\":\"0.32\",\"x\":\"FullBath\",\"xref\":\"x\",\"y\":\"TotalBsmtSF\",\"yref\":\"y\"},{\"font\":{\"color\":\"#FFFFFF\"},\"showarrow\":false,\"text\":\"-0.05\",\"x\":\"HalfBath\",\"xref\":\"x\",\"y\":\"TotalBsmtSF\",\"yref\":\"y\"},{\"font\":{\"color\":\"#FFFFFF\"},\"showarrow\":false,\"text\":\"0.05\",\"x\":\"BedroomAbvGr\",\"xref\":\"x\",\"y\":\"TotalBsmtSF\",\"yref\":\"y\"},{\"font\":{\"color\":\"#FFFFFF\"},\"showarrow\":false,\"text\":\"-0.07\",\"x\":\"KitchenAbvGr\",\"xref\":\"x\",\"y\":\"TotalBsmtSF\",\"yref\":\"y\"},{\"font\":{\"color\":\"#FFFFFF\"},\"showarrow\":false,\"text\":\"0.29\",\"x\":\"TotRmsAbvGrd\",\"xref\":\"x\",\"y\":\"TotalBsmtSF\",\"yref\":\"y\"},{\"font\":{\"color\":\"#FFFFFF\"},\"showarrow\":false,\"text\":\"0.34\",\"x\":\"Fireplaces\",\"xref\":\"x\",\"y\":\"TotalBsmtSF\",\"yref\":\"y\"},{\"font\":{\"color\":\"#000000\"},\"showarrow\":false,\"text\":\"0.43\",\"x\":\"GarageCars\",\"xref\":\"x\",\"y\":\"TotalBsmtSF\",\"yref\":\"y\"},{\"font\":{\"color\":\"#000000\"},\"showarrow\":false,\"text\":\"0.49\",\"x\":\"GarageArea\",\"xref\":\"x\",\"y\":\"TotalBsmtSF\",\"yref\":\"y\"},{\"font\":{\"color\":\"#FFFFFF\"},\"showarrow\":false,\"text\":\"0.2\",\"x\":\"PavedDrive\",\"xref\":\"x\",\"y\":\"TotalBsmtSF\",\"yref\":\"y\"},{\"font\":{\"color\":\"#FFFFFF\"},\"showarrow\":false,\"text\":\"0.23\",\"x\":\"WoodDeckSF\",\"xref\":\"x\",\"y\":\"TotalBsmtSF\",\"yref\":\"y\"},{\"font\":{\"color\":\"#FFFFFF\"},\"showarrow\":false,\"text\":\"0.13\",\"x\":\"PoolArea\",\"xref\":\"x\",\"y\":\"TotalBsmtSF\",\"yref\":\"y\"},{\"font\":{\"color\":\"#000000\"},\"showarrow\":false,\"text\":\"0.61\",\"x\":\"SalePrice\",\"xref\":\"x\",\"y\":\"TotalBsmtSF\",\"yref\":\"y\"},{\"font\":{\"color\":\"#FFFFFF\"},\"showarrow\":false,\"text\":\"0.05\",\"x\":\"LotArea\",\"xref\":\"x\",\"y\":\"CentralAir\",\"yref\":\"y\"},{\"font\":{\"color\":\"#000000\"},\"showarrow\":false,\"text\":\"0.38\",\"x\":\"YearBuilt\",\"xref\":\"x\",\"y\":\"CentralAir\",\"yref\":\"y\"},{\"font\":{\"color\":\"#FFFFFF\"},\"showarrow\":false,\"text\":\"0.3\",\"x\":\"YearRemodelled\",\"xref\":\"x\",\"y\":\"CentralAir\",\"yref\":\"y\"},{\"font\":{\"color\":\"#FFFFFF\"},\"showarrow\":false,\"text\":\"0.21\",\"x\":\"TotalBsmtSF\",\"xref\":\"x\",\"y\":\"CentralAir\",\"yref\":\"y\"},{\"font\":{\"color\":\"#000000\"},\"showarrow\":false,\"text\":\"1.0\",\"x\":\"CentralAir\",\"xref\":\"x\",\"y\":\"CentralAir\",\"yref\":\"y\"},{\"font\":{\"color\":\"#FFFFFF\"},\"showarrow\":false,\"text\":\"0.15\",\"x\":\"1stFlrSF\",\"xref\":\"x\",\"y\":\"CentralAir\",\"yref\":\"y\"},{\"font\":{\"color\":\"#FFFFFF\"},\"showarrow\":false,\"text\":\"-0.01\",\"x\":\"2ndFlrSF\",\"xref\":\"x\",\"y\":\"CentralAir\",\"yref\":\"y\"},{\"font\":{\"color\":\"#FFFFFF\"},\"showarrow\":false,\"text\":\"0.09\",\"x\":\"GrLivArea\",\"xref\":\"x\",\"y\":\"CentralAir\",\"yref\":\"y\"},{\"font\":{\"color\":\"#FFFFFF\"},\"showarrow\":false,\"text\":\"0.11\",\"x\":\"BsmtFullBath\",\"xref\":\"x\",\"y\":\"CentralAir\",\"yref\":\"y\"},{\"font\":{\"color\":\"#FFFFFF\"},\"showarrow\":false,\"text\":\"0.04\",\"x\":\"BsmtHalfBath\",\"xref\":\"x\",\"y\":\"CentralAir\",\"yref\":\"y\"},{\"font\":{\"color\":\"#FFFFFF\"},\"showarrow\":false,\"text\":\"0.11\",\"x\":\"FullBath\",\"xref\":\"x\",\"y\":\"CentralAir\",\"yref\":\"y\"},{\"font\":{\"color\":\"#FFFFFF\"},\"showarrow\":false,\"text\":\"0.13\",\"x\":\"HalfBath\",\"xref\":\"x\",\"y\":\"CentralAir\",\"yref\":\"y\"},{\"font\":{\"color\":\"#FFFFFF\"},\"showarrow\":false,\"text\":\"0.01\",\"x\":\"BedroomAbvGr\",\"xref\":\"x\",\"y\":\"CentralAir\",\"yref\":\"y\"},{\"font\":{\"color\":\"#FFFFFF\"},\"showarrow\":false,\"text\":\"-0.25\",\"x\":\"KitchenAbvGr\",\"xref\":\"x\",\"y\":\"CentralAir\",\"yref\":\"y\"},{\"font\":{\"color\":\"#FFFFFF\"},\"showarrow\":false,\"text\":\"0.03\",\"x\":\"TotRmsAbvGrd\",\"xref\":\"x\",\"y\":\"CentralAir\",\"yref\":\"y\"},{\"font\":{\"color\":\"#FFFFFF\"},\"showarrow\":false,\"text\":\"0.19\",\"x\":\"Fireplaces\",\"xref\":\"x\",\"y\":\"CentralAir\",\"yref\":\"y\"},{\"font\":{\"color\":\"#FFFFFF\"},\"showarrow\":false,\"text\":\"0.23\",\"x\":\"GarageCars\",\"xref\":\"x\",\"y\":\"CentralAir\",\"yref\":\"y\"},{\"font\":{\"color\":\"#FFFFFF\"},\"showarrow\":false,\"text\":\"0.23\",\"x\":\"GarageArea\",\"xref\":\"x\",\"y\":\"CentralAir\",\"yref\":\"y\"},{\"font\":{\"color\":\"#FFFFFF\"},\"showarrow\":false,\"text\":\"0.32\",\"x\":\"PavedDrive\",\"xref\":\"x\",\"y\":\"CentralAir\",\"yref\":\"y\"},{\"font\":{\"color\":\"#FFFFFF\"},\"showarrow\":false,\"text\":\"0.15\",\"x\":\"WoodDeckSF\",\"xref\":\"x\",\"y\":\"CentralAir\",\"yref\":\"y\"},{\"font\":{\"color\":\"#FFFFFF\"},\"showarrow\":false,\"text\":\"0.02\",\"x\":\"PoolArea\",\"xref\":\"x\",\"y\":\"CentralAir\",\"yref\":\"y\"},{\"font\":{\"color\":\"#FFFFFF\"},\"showarrow\":false,\"text\":\"0.25\",\"x\":\"SalePrice\",\"xref\":\"x\",\"y\":\"CentralAir\",\"yref\":\"y\"},{\"font\":{\"color\":\"#FFFFFF\"},\"showarrow\":false,\"text\":\"0.3\",\"x\":\"LotArea\",\"xref\":\"x\",\"y\":\"1stFlrSF\",\"yref\":\"y\"},{\"font\":{\"color\":\"#FFFFFF\"},\"showarrow\":false,\"text\":\"0.28\",\"x\":\"YearBuilt\",\"xref\":\"x\",\"y\":\"1stFlrSF\",\"yref\":\"y\"},{\"font\":{\"color\":\"#FFFFFF\"},\"showarrow\":false,\"text\":\"0.24\",\"x\":\"YearRemodelled\",\"xref\":\"x\",\"y\":\"1stFlrSF\",\"yref\":\"y\"},{\"font\":{\"color\":\"#000000\"},\"showarrow\":false,\"text\":\"0.82\",\"x\":\"TotalBsmtSF\",\"xref\":\"x\",\"y\":\"1stFlrSF\",\"yref\":\"y\"},{\"font\":{\"color\":\"#FFFFFF\"},\"showarrow\":false,\"text\":\"0.15\",\"x\":\"CentralAir\",\"xref\":\"x\",\"y\":\"1stFlrSF\",\"yref\":\"y\"},{\"font\":{\"color\":\"#000000\"},\"showarrow\":false,\"text\":\"1.0\",\"x\":\"1stFlrSF\",\"xref\":\"x\",\"y\":\"1stFlrSF\",\"yref\":\"y\"},{\"font\":{\"color\":\"#FFFFFF\"},\"showarrow\":false,\"text\":\"-0.2\",\"x\":\"2ndFlrSF\",\"xref\":\"x\",\"y\":\"1stFlrSF\",\"yref\":\"y\"},{\"font\":{\"color\":\"#000000\"},\"showarrow\":false,\"text\":\"0.57\",\"x\":\"GrLivArea\",\"xref\":\"x\",\"y\":\"1stFlrSF\",\"yref\":\"y\"},{\"font\":{\"color\":\"#FFFFFF\"},\"showarrow\":false,\"text\":\"0.24\",\"x\":\"BsmtFullBath\",\"xref\":\"x\",\"y\":\"1stFlrSF\",\"yref\":\"y\"},{\"font\":{\"color\":\"#FFFFFF\"},\"showarrow\":false,\"text\":\"0.0\",\"x\":\"BsmtHalfBath\",\"xref\":\"x\",\"y\":\"1stFlrSF\",\"yref\":\"y\"},{\"font\":{\"color\":\"#000000\"},\"showarrow\":false,\"text\":\"0.38\",\"x\":\"FullBath\",\"xref\":\"x\",\"y\":\"1stFlrSF\",\"yref\":\"y\"},{\"font\":{\"color\":\"#FFFFFF\"},\"showarrow\":false,\"text\":\"-0.12\",\"x\":\"HalfBath\",\"xref\":\"x\",\"y\":\"1stFlrSF\",\"yref\":\"y\"},{\"font\":{\"color\":\"#FFFFFF\"},\"showarrow\":false,\"text\":\"0.13\",\"x\":\"BedroomAbvGr\",\"xref\":\"x\",\"y\":\"1stFlrSF\",\"yref\":\"y\"},{\"font\":{\"color\":\"#FFFFFF\"},\"showarrow\":false,\"text\":\"0.07\",\"x\":\"KitchenAbvGr\",\"xref\":\"x\",\"y\":\"1stFlrSF\",\"yref\":\"y\"},{\"font\":{\"color\":\"#000000\"},\"showarrow\":false,\"text\":\"0.41\",\"x\":\"TotRmsAbvGrd\",\"xref\":\"x\",\"y\":\"1stFlrSF\",\"yref\":\"y\"},{\"font\":{\"color\":\"#000000\"},\"showarrow\":false,\"text\":\"0.41\",\"x\":\"Fireplaces\",\"xref\":\"x\",\"y\":\"1stFlrSF\",\"yref\":\"y\"},{\"font\":{\"color\":\"#000000\"},\"showarrow\":false,\"text\":\"0.44\",\"x\":\"GarageCars\",\"xref\":\"x\",\"y\":\"1stFlrSF\",\"yref\":\"y\"},{\"font\":{\"color\":\"#000000\"},\"showarrow\":false,\"text\":\"0.49\",\"x\":\"GarageArea\",\"xref\":\"x\",\"y\":\"1stFlrSF\",\"yref\":\"y\"},{\"font\":{\"color\":\"#FFFFFF\"},\"showarrow\":false,\"text\":\"0.15\",\"x\